200 2000
0 20
0 27
0 28
0 46
0 58
0 71
0 168
0 195
1 0
1 2
1 6
1 8
1 17
1 26
1 27
1 51
1 95
1 99
1 104
1 121
1 126
1 135
1 136
1 158
1 162
1 184
2 3
2 30
2 33
2 63
2 95
2 103
2 106
2 137
2 147
2 194
2 199
3 4
3 7
3 9
3 11
3 14
3 23
3 37
3 40
3 88
3 103
3 196
4 25
4 34
4 52
4 64
4 89
4 101
4 118
4 136
4 174
4 196
5 3
5 11
5 16
5 32
5 44
5 77
5 81
5 135
5 171
5 181
5 189
5 195
6 56
6 96
6 120
6 124
6 146
6 158
6 169
6 186
7 1
7 31
7 40
7 56
7 62
7 74
7 82
7 97
7 119
7 183
7 197
8 15
8 16
8 32
8 39
8 49
8 50
8 69
8 84
8 96
8 105
8 142
8 155
8 159
8 162
8 177
9 3
9 30
9 36
9 37
9 41
9 79
9 100
9 101
9 103
9 119
9 141
9 150
9 170
10 36
10 76
10 103
10 184
10 186
10 196
11 7
11 12
11 27
11 54
11 61
11 111
11 129
11 136
11 143
11 161
11 166
11 172
11 176
11 182
12 11
12 24
12 34
12 113
12 121
12 138
12 154
12 164
12 187
13 2
13 14
13 38
13 55
13 60
13 65
13 89
13 118
13 140
13 141
13 153
13 157
13 161
13 171
13 191
14 20
14 38
14 41
14 67
14 88
14 129
14 130
14 134
14 164
15 2
15 25
15 37
15 53
15 90
15 97
15 162
15 183
16 51
16 59
16 96
16 135
16 143
16 156
16 173
17 20
17 37
17 76
17 79
17 87
17 135
17 141
17 162
17 164
17 191
18 7
18 10
18 14
18 20
18 23
18 25
18 46
18 100
18 119
18 126
18 133
18 144
18 170
19 15
19 23
19 30
19 48
19 94
19 128
19 168
19 184
20 9
20 31
20 54
20 57
20 86
20 141
20 159
20 162
20 166
20 177
20 179
20 191
21 1
21 55
21 59
21 86
21 91
21 98
21 139
21 161
21 162
21 164
21 195
21 196
22 24
22 30
22 33
22 41
22 55
22 63
22 66
22 67
22 80
22 92
22 120
23 8
23 9
23 38
23 44
23 45
23 55
23 59
23 86
23 91
23 93
23 96
23 116
24 12
24 21
24 28
24 55
24 66
24 70
24 83
24 104
24 127
24 148
24 158
24 163
24 175
25 7
25 22
25 29
25 44
25 118
25 153
25 162
25 163
25 164
25 168
25 175
26 32
26 37
26 43
26 105
26 130
26 135
26 161
26 187
27 2
27 9
27 20
27 30
27 31
27 42
27 45
27 103
27 110
27 112
27 123
27 149
27 176
27 195
28 0
28 1
28 7
28 70
28 85
28 93
28 98
28 124
28 180
29 14
29 16
29 36
29 64
29 99
29 164
29 166
30 7
30 8
30 18
30 47
30 53
30 97
30 118
30 143
30 175
30 199
31 5
31 58
31 92
31 104
31 116
31 123
31 131
31 194
32 3
32 9
32 35
32 72
32 91
32 120
32 153
32 165
32 196
33 23
33 38
33 50
33 59
33 83
33 106
33 125
33 135
33 146
33 188
34 36
34 60
34 68
34 79
34 130
34 147
34 153
34 160
34 167
34 184
35 20
35 38
35 64
35 92
35 102
35 154
35 159
35 172
36 20
36 35
36 49
36 81
36 88
36 101
36 104
36 118
36 130
36 158
37 36
37 50
37 65
37 72
37 79
37 89
37 111
37 118
37 119
37 130
37 142
37 150
37 151
37 161
37 162
37 185
37 194
37 199
38 8
38 21
38 27
38 67
38 72
38 106
38 108
38 126
38 188
39 3
39 9
39 53
39 82
39 110
39 127
39 157
39 178
39 180
39 191
40 86
40 88
40 99
40 104
40 153
40 159
41 2
41 14
41 44
41 63
41 68
41 86
41 87
41 97
41 121
41 131
41 132
41 190
42 46
42 67
42 73
42 93
42 118
42 158
42 162
42 172
42 175
42 187
43 0
43 53
43 74
43 138
43 140
43 177
44 12
44 43
44 47
44 67
44 79
44 81
44 87
44 97
44 109
44 117
44 176
45 7
45 9
45 11
45 18
45 73
45 81
45 95
45 118
45 183
45 186
46 0
46 2
46 10
46 52
46 55
46 180
47 35
47 71
47 79
47 137
47 146
47 148
47 151
48 13
48 85
48 93
48 96
48 98
48 102
48 104
48 114
48 125
48 131
48 135
48 140
48 152
48 161
48 175
48 182
48 183
48 186
49 33
49 58
49 69
49 100
49 103
49 107
49 110
49 114
49 120
49 126
49 142
49 183
50 14
50 37
50 60
50 84
50 106
50 112
50 115
50 119
50 154
50 162
50 165
51 10
51 52
51 66
51 77
51 87
51 92
51 126
51 128
52 1
52 2
52 37
52 41
52 58
52 69
52 84
52 87
52 142
53 1
53 13
53 15
53 25
53 35
53 91
53 115
53 118
53 137
53 156
53 159
53 179
53 190
54 15
54 87
54 88
54 89
54 136
54 138
54 141
54 180
54 186
54 194
55 11
55 32
55 51
55 60
55 78
55 94
55 97
55 123
56 82
56 94
56 99
56 111
56 121
56 173
56 176
56 184
57 6
57 28
57 33
57 35
57 61
57 72
57 142
57 156
57 163
57 182
58 13
58 33
58 57
58 83
58 89
58 97
58 115
58 118
58 144
58 167
58 186
59 5
59 7
59 18
59 61
59 64
59 72
59 76
59 99
59 106
59 131
59 145
59 165
59 170
59 195
60 26
60 27
60 34
60 97
60 107
60 124
60 132
61 5
61 19
61 22
61 62
61 79
61 99
61 114
61 124
61 134
61 172
61 178
62 37
62 44
62 60
62 83
62 95
62 129
62 136
62 195
63 4
63 20
63 37
63 39
63 100
63 109
63 123
63 148
64 5
64 14
64 15
64 20
64 26
64 38
64 46
64 107
64 168
65 7
65 19
65 43
65 56
65 57
65 90
65 99
65 115
65 119
65 146
65 157
65 173
65 181
65 194
66 25
66 28
66 48
66 52
66 85
66 92
66 98
66 177
67 24
67 27
67 34
67 40
67 46
67 53
67 72
67 103
67 114
67 115
67 141
67 145
67 155
67 175
67 199
68 2
68 33
68 49
68 70
68 108
68 138
68 190
68 197
69 30
69 60
69 89
69 142
69 162
69 167
69 191
69 193
70 24
70 37
70 46
70 57
70 75
70 95
70 106
70 133
70 161
70 162
70 173
71 35
71 36
71 68
71 86
71 104
71 122
71 180
72 2
72 7
72 20
72 25
72 26
72 37
72 43
72 64
72 99
72 151
72 175
72 198
73 31
73 44
73 85
73 97
73 99
73 127
73 129
73 166
73 185
73 187
74 40
74 44
74 63
74 96
74 108
74 171
75 21
75 34
75 47
75 68
75 94
75 98
75 107
75 121
75 141
75 158
75 163
75 183
75 186
75 188
76 3
76 22
76 26
76 41
76 57
76 78
76 79
76 115
76 124
76 145
76 146
76 155
76 162
76 190
77 2
77 19
77 36
77 40
77 51
77 62
77 100
77 142
77 162
77 165
77 168
77 183
77 187
77 199
78 22
78 24
78 60
78 63
78 73
78 88
78 114
78 117
78 159
78 167
78 198
78 199
79 1
79 22
79 25
79 51
79 87
79 91
79 94
79 99
79 118
79 135
79 180
79 181
80 43
80 87
80 98
80 129
80 178
80 179
81 60
81 61
81 120
81 133
81 150
81 161
81 172
82 31
82 81
83 8
83 21
83 26
83 42
83 49
83 55
83 58
83 96
83 100
83 160
83 186
84 53
84 54
84 67
84 81
84 85
84 88
84 98
84 110
84 137
84 158
85 18
85 19
85 59
85 78
85 97
85 125
85 128
85 145
85 165
85 191
86 3
86 56
86 57
86 63
86 85
86 108
86 114
86 119
86 157
86 159
86 165
86 168
86 182
87 34
87 53
87 73
87 75
87 129
87 183
88 34
88 100
88 179
89 26
89 109
89 110
89 116
89 122
89 134
89 138
89 161
89 177
89 187
89 188
89 190
89 191
90 3
90 32
90 47
90 48
90 61
90 78
90 99
90 166
90 173
90 175
90 192
91 11
91 29
91 53
91 81
91 107
91 125
91 131
91 179
92 4
92 8
92 39
92 44
92 56
92 96
92 101
92 115
92 162
93 22
93 35
93 47
93 56
93 112
93 143
94 39
94 44
94 88
94 102
94 111
94 112
94 133
94 163
94 174
95 16
95 104
95 116
95 125
95 140
95 158
95 162
95 193
95 197
96 2
96 13
96 60
96 65
96 71
96 72
96 74
96 83
96 90
96 100
96 110
96 112
96 137
96 189
97 20
97 80
97 103
97 119
97 137
97 186
97 190
97 195
97 197
98 6
98 11
98 15
98 35
98 41
98 43
98 81
98 105
98 153
98 193
99 23
99 39
99 62
99 67
99 69
99 71
99 118
99 124
99 156
99 183
99 195
100 1
100 11
100 34
100 103
100 110
100 113
100 115
100 174
101 6
101 56
101 92
101 109
101 115
101 158
101 172
101 195
101 197
102 15
102 40
102 65
102 110
102 120
102 137
102 151
102 167
102 168
102 193
103 55
103 56
103 84
103 110
103 139
103 190
104 17
104 21
104 26
104 123
104 154
104 164
104 174
105 25
105 40
105 45
105 91
105 121
105 132
105 147
105 148
105 163
105 168
106 15
106 17
106 32
106 42
106 47
106 86
106 146
106 165
106 171
106 178
106 187
107 73
107 101
107 115
107 158
107 159
107 173
108 14
108 61
108 78
108 135
108 174
108 175
108 189
108 190
109 27
109 72
109 74
109 105
109 150
109 151
109 167
109 170
109 180
110 14
110 15
110 28
110 50
110 72
110 80
110 124
110 146
110 152
110 171
110 186
110 191
111 39
111 49
111 76
111 81
111 84
111 100
111 117
111 118
111 120
111 128
111 143
111 158
112 19
112 33
112 39
112 42
112 48
112 83
112 92
112 122
112 123
112 127
112 129
112 153
112 156
112 169
112 181
113 0
113 2
113 8
113 12
113 42
113 59
113 98
113 99
113 103
113 118
114 0
114 28
114 47
114 74
114 76
114 119
114 120
114 145
114 168
114 180
115 13
115 17
115 49
115 64
115 77
115 109
115 118
115 119
115 139
115 157
115 168
115 183
116 37
116 39
116 50
116 65
116 69
116 71
116 86
116 113
116 114
116 115
116 119
116 132
116 146
116 181
116 182
117 13
117 15
117 29
117 64
117 69
117 94
117 116
117 129
117 181
117 183
117 187
118 2
118 14
118 40
118 115
118 167
118 186
118 194
119 33
119 63
119 77
119 103
119 118
119 126
119 134
119 150
119 153
119 160
119 197
120 8
120 16
120 56
120 72
120 93
121 1
121 3
121 22
121 27
121 28
121 41
121 59
121 72
121 73
121 82
121 84
121 113
121 146
121 150
121 171
121 177
122 120
122 136
122 156
122 189
122 192
123 6
123 26
123 30
123 48
123 79
123 92
123 112
123 116
123 136
123 146
123 154
123 169
123 180
123 189
123 192
123 195
124 23
124 49
124 131
124 154
124 175
124 177
125 10
125 66
125 82
125 85
125 88
125 136
125 161
125 170
125 199
126 4
126 6
126 11
126 32
126 51
126 54
126 74
126 102
126 151
126 199
127 8
127 34
127 38
127 60
127 95
127 119
127 146
128 9
128 23
128 29
128 32
128 46
128 53
128 55
128 78
128 90
128 95
128 121
128 136
128 167
128 181
129 20
129 30
129 54
129 58
129 63
129 74
129 102
129 116
129 127
130 0
130 28
130 60
130 87
130 157
130 173
130 186
131 4
131 9
131 18
131 38
131 47
131 106
132 134
132 137
133 11
133 29
133 37
133 41
133 149
133 176
133 192
134 2
134 52
134 63
134 69
134 92
134 103
134 146
134 155
134 156
134 168
134 175
134 184
135 29
135 67
135 70
135 76
135 84
135 88
135 99
135 109
135 189
136 25
136 50
136 63
136 97
136 106
136 117
136 157
136 161
137 5
137 20
137 24
137 25
137 46
137 61
137 115
138 23
138 24
138 54
138 106
138 119
138 120
138 124
138 136
138 150
138 155
138 168
138 170
138 192
138 194
139 0
139 14
139 30
139 36
139 47
139 49
139 53
139 106
139 129
139 131
139 144
139 154
139 199
140 3
140 8
140 56
140 94
140 112
140 116
140 125
140 150
140 161
140 198
141 36
141 38
141 42
141 67
141 120
141 177
141 197
142 4
142 5
142 51
142 60
142 116
142 121
142 181
143 27
143 70
143 78
143 85
143 168
143 196
144 2
144 20
144 34
144 39
144 71
144 81
144 82
144 83
144 93
144 95
144 101
144 123
144 145
144 178
144 184
145 37
145 45
145 53
145 80
145 94
145 102
145 108
145 126
145 192
146 6
146 11
146 31
146 34
146 35
146 40
146 42
146 49
146 58
146 69
146 76
146 78
146 98
146 154
146 156
146 161
146 175
147 19
147 22
147 28
147 31
147 40
147 41
147 45
147 49
147 73
147 74
147 106
147 116
147 128
147 140
147 190
147 198
148 5
148 49
148 64
148 69
148 77
148 102
148 154
148 163
148 182
148 192
149 50
149 83
149 90
149 186
150 3
150 13
150 77
150 127
150 133
150 157
150 193
151 30
151 87
151 90
151 101
151 104
151 123
151 145
151 168
151 178
152 21
152 75
152 80
152 121
152 140
152 178
152 181
152 184
152 189
152 192
153 7
153 33
153 43
153 51
153 94
153 130
153 142
153 154
154 79
154 90
154 95
154 96
154 100
154 138
154 160
154 194
154 197
155 4
155 6
155 29
155 34
155 43
155 46
155 59
155 62
155 68
155 116
155 127
155 134
155 141
155 170
156 10
156 29
156 43
156 56
156 101
156 108
156 111
156 123
156 147
156 154
156 164
157 17
157 26
157 30
157 63
157 97
157 126
157 127
157 137
157 154
157 172
157 181
157 190
157 197
158 6
158 10
158 13
158 16
158 20
158 21
158 24
158 36
158 40
158 72
158 75
158 85
158 88
158 104
158 122
159 0
159 29
159 81
159 105
159 110
159 126
159 175
159 186
159 197
160 8
160 12
160 19
160 35
160 69
160 159
160 169
161 4
161 6
161 34
161 35
161 38
161 64
161 88
161 119
161 120
161 124
161 128
161 147
161 167
161 182
162 53
162 58
162 71
162 75
162 146
162 165
162 191
162 192
163 48
163 54
163 79
163 170
163 171
163 177
163 192
164 13
164 15
164 24
164 60
164 64
164 80
164 108
164 130
164 155
164 160
164 163
164 175
164 185
165 89
165 147
165 157
165 193
166 15
166 21
166 28
166 42
166 77
166 79
166 110
166 114
166 117
166 145
166 148
166 149
166 151
166 180
166 195
167 3
167 26
167 50
167 51
167 73
167 75
167 88
167 90
167 103
167 125
167 148
167 157
168 39
168 46
168 74
168 84
168 94
168 98
168 110
168 117
168 151
168 165
168 177
169 8
169 14
169 22
169 32
169 36
169 37
169 49
169 56
169 78
169 83
169 95
169 101
169 153
169 154
169 155
169 159
169 190
170 17
170 21
170 23
170 39
170 50
170 86
170 99
170 109
170 111
170 124
170 150
170 154
170 175
170 196
171 1
171 6
171 95
171 101
171 120
171 139
171 167
172 19
172 111
172 125
172 143
172 167
172 193
173 3
173 12
173 66
173 67
173 74
173 95
173 171
173 195
174 49
174 59
174 66
174 81
174 114
174 137
174 148
174 178
175 13
175 28
175 44
175 46
175 95
175 113
175 114
175 117
175 190
175 198
176 24
176 33
176 34
176 42
176 61
176 68
176 74
176 126
176 153
176 179
176 193
176 195
177 22
177 83
177 85
177 114
177 121
177 129
177 171
177 184
178 37
178 43
178 49
178 55
178 73
178 81
178 88
178 89
178 106
178 143
178 147
178 186
178 193
179 7
179 10
179 27
179 64
179 104
179 120
179 125
179 148
179 154
179 190
179 193
180 2
180 45
180 61
180 100
180 140
180 143
180 157
180 176
180 184
181 23
181 63
181 88
181 93
181 123
181 162
181 166
182 23
182 78
182 79
182 97
182 106
182 112
182 113
182 127
182 152
182 159
182 195
183 32
183 34
183 52
183 72
183 78
183 79
183 132
183 148
183 149
183 171
183 180
183 185
184 39
184 58
184 70
184 71
184 90
184 91
184 110
184 114
184 167
184 178
185 2
185 30
185 32
185 34
185 51
185 63
185 79
185 80
185 89
185 93
185 96
185 108
185 141
185 153
186 9
186 31
186 35
186 49
186 87
186 95
186 104
186 116
186 143
186 164
187 16
187 24
187 31
187 60
187 111
187 112
187 150
187 151
187 180
188 6
188 59
188 99
188 125
188 138
188 153
188 178
188 194
189 13
189 15
189 18
189 50
189 68
189 90
189 149
189 180
189 186
190 3
190 45
190 91
190 101
190 117
190 126
190 130
190 137
190 143
190 175
190 187
191 31
191 39
191 54
191 62
191 63
191 75
191 80
191 104
191 106
191 138
191 153
191 180
192 3
192 10
192 20
192 61
192 72
192 168
192 175
192 176
193 59
193 105
193 134
193 150
194 25
194 45
194 46
194 86
194 93
194 103
194 118
194 197
194 198
195 20
195 73
195 96
195 110
195 146
195 199
196 8
196 10
196 26
196 42
196 66
196 73
196 83
196 86
196 164
196 189
196 195
197 18
197 30
197 32
197 36
197 55
197 68
197 71
197 113
197 116
197 135
197 143
197 144
197 149
197 154
197 160
197 178
198 16
198 22
198 31
198 105
198 114
198 127
198 155
198 167
198 176
198 177
198 179
198 182
198 184
198 195
199 7
199 72
199 93
199 123
199 158
199 182
