497 1626
0 1
0 2
1 2
1 3
1 4
1 5
1 6
1 7
1 8
1 9
1 10
1 11
1 12
1 13
1 14
1 15
1 16
1 17
1 18
1 19
1 20
1 21
1 22
1 23
1 24
1 25
1 26
1 27
1 28
1 29
1 30
1 31
1 32
1 33
1 34
1 35
1 36
1 37
1 38
1 39
1 40
1 41
1 42
1 43
1 44
1 45
1 46
1 47
1 48
1 49
1 50
1 51
1 52
1 53
1 54
1 55
1 56
1 57
1 58
1 59
1 60
1 61
1 62
1 63
1 64
1 65
1 66
1 67
1 68
1 69
1 70
1 71
1 72
1 73
1 74
1 75
1 76
1 77
1 78
1 79
1 80
1 81
1 82
1 83
1 84
1 85
1 86
2 12
2 54
2 65
2 87
2 88
2 89
2 90
2 91
2 92
3 5
3 10
3 15
3 20
3 26
3 35
3 64
3 66
3 76
3 91
3 92
3 122
3 123
3 124
3 125
3 126
3 127
3 128
3 129
3 130
3 131
3 132
3 133
3 134
3 135
3 136
3 137
3 138
3 139
3 140
3 141
3 142
3 143
3 144
3 145
3 146
3 147
3 148
3 149
3 150
3 151
3 152
3 153
3 154
3 155
3 156
3 157
3 158
3 159
3 160
3 161
3 162
3 163
3 164
3 165
3 166
3 167
3 168
3 169
3 170
3 171
3 172
3 173
4 174
4 175
4 176
4 177
4 178
4 179
4 180
4 181
4 182
4 183
4 184
4 185
5 8
5 160
5 186
5 187
5 188
5 189
5 190
5 191
5 192
5 193
6 26
6 136
6 160
6 166
6 194
6 195
6 196
6 197
6 198
7 25
7 78
7 184
7 199
7 200
7 201
7 202
7 203
7 204
7 205
7 206
7 207
8 22
8 56
8 133
8 149
8 160
8 169
8 208
8 209
9 77
9 202
9 205
9 210
9 211
9 212
9 213
9 214
9 215
9 216
9 217
9 218
10 26
10 147
10 160
10 192
10 194
10 219
10 220
10 221
11 71
11 222
11 223
11 224
11 225
11 226
11 227
11 228
11 229
11 230
11 231
12 16
12 57
12 61
12 65
12 79
12 81
12 90
12 91
12 126
12 135
12 143
12 145
12 149
12 152
12 155
12 169
12 192
12 221
12 232
12 233
12 234
12 235
12 236
12 237
12 238
12 239
12 240
12 241
12 242
12 243
12 244
13 202
13 205
13 207
13 226
13 245
13 246
13 247
13 248
13 249
14 32
14 250
14 251
14 252
14 253
14 254
14 255
14 256
14 257
14 258
14 259
14 260
14 261
15 143
15 160
15 161
15 194
15 221
15 262
15 263
15 264
16 19
16 54
16 65
16 160
16 173
16 197
16 208
16 265
17 78
17 86
17 204
17 207
17 226
17 266
17 267
17 268
17 269
17 270
17 271
17 272
17 273
17 274
17 275
18 20
18 65
18 91
18 143
18 166
18 194
18 197
18 232
18 276
18 277
18 278
19 20
19 65
19 74
19 81
19 138
19 142
19 208
19 232
19 262
19 279
19 280
19 281
19 282
19 283
19 284
19 285
20 38
20 39
20 66
20 69
20 129
20 130
20 135
20 144
20 153
20 158
20 170
20 194
20 197
20 208
20 235
20 286
20 287
20 288
20 289
20 290
20 291
20 292
20 293
20 294
20 295
20 296
20 297
20 298
20 299
20 300
20 301
20 302
20 303
20 304
20 305
20 306
20 307
21 26
21 91
21 160
21 173
21 198
21 208
21 219
21 236
21 308
22 26
22 91
22 136
22 137
22 143
22 148
22 149
22 155
22 160
22 161
22 163
22 166
22 172
22 195
22 209
22 242
22 309
22 310
22 311
22 312
22 313
22 314
23 26
23 91
23 136
23 192
23 194
23 198
23 222
23 234
23 264
23 315
23 316
23 317
24 135
24 137
24 148
24 149
24 236
24 242
24 318
24 319
24 320
24 321
24 322
24 323
24 324
24 325
24 326
24 327
24 328
24 329
24 330
24 331
24 332
24 333
24 334
25 50
25 67
25 77
25 184
25 270
25 335
25 336
25 337
25 338
25 339
25 340
26 30
26 56
26 59
26 64
26 66
26 70
26 76
26 82
26 90
26 142
26 160
26 165
26 167
26 195
26 234
26 242
26 288
26 308
26 315
26 317
26 341
26 342
26 343
26 344
26 345
26 346
26 347
26 348
26 349
27 350
27 351
27 352
27 353
27 354
27 355
27 356
27 357
27 358
28 44
28 65
28 144
28 158
28 160
28 166
28 232
28 242
28 359
29 52
29 202
29 212
29 246
29 360
29 361
29 362
29 363
29 364
29 365
29 366
30 91
30 169
30 198
30 367
30 368
30 369
30 370
30 371
30 372
30 373
30 374
31 212
31 224
31 361
31 375
31 376
31 377
31 378
31 379
31 380
31 381
31 382
31 383
31 384
32 47
32 252
32 385
32 386
32 387
32 388
32 389
32 390
32 391
32 392
32 393
32 394
32 395
32 396
32 397
32 398
32 399
32 400
32 401
32 402
32 403
32 404
32 405
32 406
32 407
32 408
32 409
32 410
32 411
32 412
32 413
32 414
32 415
32 416
33 165
33 209
33 417
33 418
33 419
34 420
34 421
34 422
34 423
34 424
34 425
34 426
34 427
34 428
34 429
35 82
35 91
35 144
35 160
35 197
35 232
35 348
35 430
35 431
35 432
35 433
35 434
35 435
35 436
35 437
36 48
36 65
36 140
36 173
36 238
36 262
36 289
36 304
36 438
36 439
36 440
36 441
36 442
36 443
36 444
37 295
37 416
37 445
37 446
37 447
37 448
37 449
37 450
37 451
37 452
37 453
37 454
37 455
37 456
37 457
37 458
37 459
37 460
37 461
37 462
37 463
37 464
37 465
37 466
37 467
37 468
37 469
37 470
37 471
37 472
37 473
37 474
37 475
37 476
37 477
37 478
37 479
37 480
37 481
37 482
37 483
37 484
37 485
37 486
37 487
37 488
37 489
37 490
37 491
37 492
37 493
37 494
37 495
37 496
38 155
38 161
38 171
38 172
38 192
38 208
38 219
38 234
38 242
38 262
38 264
38 303
38 311
38 312
39 65
39 91
39 135
39 197
39 198
39 232
39 262
40 91
40 142
40 148
40 194
40 198
40 242
40 281
41 83
41 216
42 56
42 81
42 140
42 160
42 198
42 239
43 212
43 226
43 246
43 365
43 382
44 92
44 135
44 173
44 232
44 349
45 48
45 49
46 79
46 91
46 138
46 143
46 198
46 219
46 232
46 313
46 369
46 374
46 437
47 205
47 385
47 400
48 146
48 164
48 437
48 439
49 192
49 225
49 229
49 284
50 182
50 211
50 226
50 267
50 270
50 272
50 336
51 73
51 78
51 86
51 202
51 205
51 207
51 245
51 247
51 270
51 274
52 184
54 82
54 140
54 208
54 265
54 288
54 349
55 199
55 226
55 267
56 79
56 92
56 137
56 148
56 149
56 155
56 160
56 192
56 195
56 198
56 209
56 236
56 242
56 308
56 309
56 315
56 321
57 91
57 144
57 158
57 160
57 197
57 244
57 294
58 132
58 158
58 161
58 169
58 219
58 262
58 264
58 278
58 282
58 299
58 311
59 90
59 91
59 142
59 160
59 198
59 242
59 288
59 308
60 161
61 158
61 433
62 248
62 365
63 202
63 204
63 205
63 246
63 484
64 143
64 155
64 160
64 161
64 169
64 194
64 317
65 66
65 69
65 81
65 135
65 136
65 138
65 142
65 147
65 152
65 160
65 161
65 169
65 188
65 192
65 208
65 232
65 242
65 280
65 281
65 284
65 288
65 290
65 309
65 321
65 348
65 349
65 430
65 436
66 144
66 158
66 161
68 149
68 160
68 172
68 192
68 195
68 198
68 235
69 161
69 194
69 196
69 197
69 208
69 232
70 91
70 155
70 160
70 208
70 262
70 346
70 369
71 73
71 199
71 207
71 226
71 246
71 267
71 271
71 382
72 161
73 75
73 86
73 184
73 226
73 246
74 87
74 172
74 225
74 228
74 231
74 232
75 139
75 210
75 245
75 246
75 267
75 270
75 272
75 382
76 136
76 140
76 155
76 160
76 161
76 239
76 313
76 331
77 267
77 272
77 336
77 365
78 83
78 202
78 204
78 267
78 274
78 361
79 91
79 160
79 235
79 342
80 279
80 433
80 436
80 442
81 152
81 169
81 188
81 192
81 239
81 325
82 91
82 92
82 147
82 160
82 208
82 282
82 316
83 199
83 202
83 205
83 210
83 212
83 216
83 226
83 245
83 247
83 249
83 275
83 365
83 375
83 380
84 184
84 207
85 91
85 136
85 169
85 198
85 308
85 369
85 436
85 437
86 212
86 246
86 267
86 382
87 208
87 351
87 359
90 91
90 92
90 136
90 138
90 146
90 160
90 198
90 209
90 287
90 309
91 92
91 123
91 124
91 126
91 127
91 135
91 137
91 142
91 147
91 154
91 155
91 157
91 162
91 163
91 164
91 165
91 166
91 169
91 188
91 197
91 198
91 208
91 242
91 243
91 262
91 279
91 282
91 287
91 288
91 298
91 299
91 302
91 305
91 311
91 312
91 313
91 315
91 319
91 321
91 325
91 331
91 342
91 348
91 349
91 368
91 369
91 374
91 436
91 437
92 129
92 130
92 156
92 188
92 221
92 282
92 287
92 348
92 368
92 374
93 94
93 95
94 95
96 97
101 113
102 107
102 108
102 112
102 120
104 109
104 120
106 113
106 117
107 108
107 112
107 120
108 110
108 112
108 120
109 115
110 120
112 120
114 169
114 220
118 120
122 219
122 313
123 147
123 220
123 232
123 311
125 184
125 265
125 337
126 142
126 238
126 244
126 282
127 148
127 161
127 198
127 239
127 242
127 303
127 317
128 303
128 341
129 173
129 196
130 158
130 166
130 208
130 235
130 303
132 303
133 278
135 188
135 242
135 262
135 325
135 374
136 165
136 278
136 279
136 294
136 316
136 325
136 353
137 138
137 278
137 288
137 347
137 349
138 139
138 160
138 164
138 171
138 195
138 219
138 232
138 264
138 282
138 321
138 368
138 430
139 235
139 262
139 287
140 142
140 163
140 264
140 290
142 160
142 171
142 232
142 244
143 158
143 194
143 219
143 238
143 294
143 302
143 308
144 153
144 157
144 170
144 219
144 239
144 280
144 288
144 290
144 305
145 167
145 288
145 349
145 372
146 163
146 172
146 289
146 374
147 164
147 219
147 221
147 279
147 282
148 209
148 278
148 309
148 320
148 349
148 418
149 221
149 235
149 243
149 262
149 288
149 316
149 349
150 244
151 153
152 235
152 262
152 349
153 158
153 279
154 160
154 161
154 170
154 219
154 220
154 262
154 311
155 163
155 172
155 349
156 160
156 219
156 239
156 282
156 437
157 242
157 297
157 303
157 436
158 219
158 235
158 282
158 296
158 298
158 312
160 165
160 188
160 194
160 208
160 219
160 221
160 262
160 279
160 287
160 288
160 296
160 299
160 302
160 308
160 314
160 316
160 319
160 320
160 325
160 342
160 344
160 345
160 346
160 369
160 436
160 437
161 163
161 167
161 197
161 262
161 264
161 278
161 287
161 296
161 297
161 298
161 349
161 437
162 242
162 436
163 171
163 172
163 209
163 234
163 239
163 308
163 309
163 311
163 313
163 315
164 219
164 232
164 282
165 221
165 242
165 262
165 311
166 264
166 280
166 305
166 331
167 254
167 279
169 208
169 239
169 262
169 372
170 219
170 262
170 264
170 287
170 294
170 304
171 198
171 262
171 349
171 430
172 262
172 278
172 287
172 331
173 238
173 297
173 299
173 345
173 368
173 430
175 340
176 177
176 181
179 180
180 185
180 228
180 294
180 359
182 183
182 184
182 216
183 185
183 337
184 249
184 337
184 339
185 337
185 463
188 197
188 198
188 436
192 194
192 208
192 262
192 325
192 346
192 349
194 196
194 198
194 221
194 311
194 342
195 235
195 262
195 309
195 317
196 253
196 311
196 349
197 219
197 239
197 244
197 279
197 331
197 345
198 221
198 262
198 264
198 317
198 319
198 342
198 348
198 349
198 430
199 202
199 204
199 205
199 207
199 247
199 271
199 274
199 365
199 382
200 204
200 212
200 245
200 383
202 207
202 215
202 275
204 246
205 207
205 215
207 212
207 216
207 269
207 274
208 209
208 219
208 235
208 239
208 303
208 319
209 309
209 315
209 316
209 342
209 347
211 377
212 215
212 246
213 216
215 365
215 377
216 218
216 247
216 337
219 239
219 262
219 264
219 282
219 287
219 292
219 293
219 296
219 298
219 304
219 319
219 345
219 349
219 430
220 341
222 228
222 231
225 231
226 246
228 231
232 235
232 239
232 262
232 278
232 305
232 349
232 434
234 262
234 278
234 287
234 317
234 349
234 430
235 236
235 242
235 293
235 303
236 283
236 317
238 265
238 287
238 303
239 243
239 262
239 280
239 294
239 297
239 325
239 368
241 280
241 302
242 262
242 278
242 280
242 303
242 305
242 319
242 325
242 348
242 349
243 302
243 369
243 374
243 435
245 377
246 267
246 269
246 365
246 382
247 375
248 480
249 269
249 271
251 258
252 386
252 405
253 386
253 400
255 256
255 259
256 257
262 281
262 294
262 321
263 342
264 280
264 288
264 293
264 296
264 298
264 299
264 305
264 342
264 348
264 368
265 287
265 297
265 345
265 439
266 377
267 272
267 274
268 273
270 377
271 272
278 304
278 311
278 312
278 313
278 321
279 349
279 442
280 319
280 359
281 342
281 436
282 303
282 436
287 311
287 313
288 321
288 436
292 300
292 301
292 306
293 303
294 297
294 368
294 409
294 430
295 448
295 476
295 477
295 481
295 486
296 303
296 372
298 303
302 374
304 436
304 437
308 331
308 344
309 315
311 349
312 349
315 317
316 321
320 328
320 332
321 349
331 418
335 381
336 337
336 340
336 409
337 339
339 340
345 437
347 418
351 353
353 356
354 355
367 370
369 374
370 371
370 373
372 374
376 378
377 461
389 414
402 410
402 416
403 409
406 410
416 461
420 425
422 423
422 428
422 429
423 425
423 428
428 429
435 436
436 437
437 439
438 443
443 444
445 449
445 461
445 471
445 475
445 482
445 487
445 488
446 461
446 471
446 480
447 461
448 486
450 465
451 461
452 461
455 470
461 471
461 473
461 479
461 491
462 478
463 483
465 472
465 473
465 482
465 495
466 481
474 484
