500 6652
0 1
1 0
0 2
2 0
0 3
3 0
0 4
4 0
0 3
3 0
0 4
4 0
0 1
1 0
0 2
2 0
378 380
380 378
378 380
380 378
3 95
95 3
3 95
95 3
3 4
4 3
3 96
96 3
3 97
97 3
3 4
4 3
3 97
97 3
3 96
96 3
87 310
310 87
87 138
138 87
87 371
371 87
87 93
93 87
87 171
171 87
87 200
200 87
87 310
310 87
87 439
439 87
87 440
440 87
87 371
371 87
87 138
138 87
87 93
93 87
87 200
200 87
87 440
440 87
87 171
171 87
87 439
439 87
200 321
321 200
200 433
433 200
200 344
344 200
200 264
264 200
200 350
350 200
200 351
351 200
200 223
223 200
200 264
264 200
200 223
223 200
200 321
321 200
200 319
319 200
200 266
266 200
200 344
344 200
200 433
433 200
200 350
350 200
200 351
351 200
200 266
266 200
200 319
319 200
111 117
117 111
111 117
117 111
142 144
144 142
142 292
292 142
142 165
165 142
142 266
266 142
142 144
144 142
142 165
165 142
142 266
266 142
142 292
292 142
264 323
323 264
264 296
296 264
264 283
283 264
264 323
323 264
264 283
283 264
264 296
296 264
186 339
339 186
186 341
341 186
186 339
339 186
186 251
251 186
186 251
251 186
186 341
341 186
36 423
423 36
36 424
424 36
36 425
425 36
36 426
426 36
36 427
427 36
36 428
428 36
36 426
426 36
36 427
427 36
36 429
429 36
36 430
430 36
36 425
425 36
36 423
423 36
36 431
431 36
36 428
428 36
36 424
424 36
36 432
432 36
36 429
429 36
36 431
431 36
36 432
432 36
36 430
430 36
296 433
433 296
296 370
370 296
296 299
299 296
296 370
370 296
296 412
412 296
296 433
433 296
296 299
299 296
296 412
412 296
35 420
420 35
35 167
167 35
35 421
421 35
35 422
422 35
35 422
422 35
35 420
420 35
35 211
211 35
35 167
167 35
35 421
421 35
35 211
211 35
244 321
321 244
244 282
282 244
244 264
264 244
244 350
350 244
244 327
327 244
244 282
282 244
244 321
321 244
244 305
305 244
244 280
280 244
244 307
307 244
244 264
264 244
244 350
350 244
244 351
351 244
244 327
327 244
244 351
351 244
244 305
305 244
244 307
307 244
244 280
280 244
392 417
417 392
392 417
417 392
147 290
290 147
147 169
169 147
147 351
351 147
147 374
374 147
147 290
290 147
147 374
374 147
147 169
169 147
147 351
351 147
128 144
144 128
128 284
284 128
128 240
240 128
128 284
284 128
128 246
246 128
128 144
144 128
128 240
240 128
128 246
246 128
61 144
144 61
61 290
290 61
61 162
162 61
61 162
162 61
61 92
92 61
61 144
144 61
61 310
310 61
61 93
93 61
61 200
200 61
61 244
244 61
61 290
290 61
61 244
244 61
61 310
310 61
61 92
92 61
61 93
93 61
61 200
200 61
171 210
210 171
171 264
264 171
171 241
241 171
171 374
374 171
171 210
210 171
171 374
374 171
171 241
241 171
171 264
264 171
228 248
248 228
228 248
248 228
253 260
260 253
253 260
260 253
214 217
217 214
214 248
248 214
214 217
217 214
214 248
248 214
104 109
109 104
104 114
114 104
104 122
122 104
104 110
110 104
104 109
109 104
104 110
110 104
104 114
114 104
104 122
122 104
49 387
387 49
49 207
207 49
49 387
387 49
49 403
403 49
49 207
207 49
49 403
403 49
103 115
115 103
103 115
115 103
110 114
114 110
110 112
112 110
110 122
122 110
110 112
112 110
110 114
114 110
110 122
122 110
455 464
464 455
455 464
464 455
78 162
162 78
78 333
333 78
78 241
241 78
78 162
162 78
78 163
163 78
78 138
138 78
78 333
333 78
78 315
315 78
78 142
142 78
78 157
157 78
78 241
241 78
78 138
138 78
78 315
315 78
78 157
157 78
78 163
163 78
78 142
142 78
33 377
377 33
33 214
214 33
33 378
378 33
33 379
379 33
33 380
380 33
33 363
363 33
33 226
226 33
33 381
381 33
33 382
382 33
33 383
383 33
33 384
384 33
33 385
385 33
33 383
383 33
33 226
226 33
33 384
384 33
33 377
377 33
33 379
379 33
33 381
381 33
33 363
363 33
33 382
382 33
33 380
380 33
33 214
214 33
33 378
378 33
33 386
386 33
33 385
385 33
33 386
386 33
294 302
302 294
294 303
303 294
294 308
308 294
294 302
302 294
294 308
308 294
294 303
303 294
4 98
98 4
4 99
99 4
4 100
100 4
4 101
101 4
4 102
102 4
4 103
103 4
4 104
104 4
4 105
105 4
4 95
95 4
4 106
106 4
4 107
107 4
4 108
108 4
4 109
109 4
4 110
110 4
4 111
111 4
4 112
112 4
4 113
113 4
4 112
112 4
4 114
114 4
4 95
95 4
4 96
96 4
4 115
115 4
4 111
111 4
4 116
116 4
4 113
113 4
4 117
117 4
4 118
118 4
4 109
109 4
4 101
101 4
4 106
106 4
4 99
99 4
4 100
100 4
4 119
119 4
4 110
110 4
4 120
120 4
4 98
98 4
4 107
107 4
4 97
97 4
4 121
121 4
4 108
108 4
4 104
104 4
4 102
102 4
4 105
105 4
4 122
122 4
4 123
123 4
4 103
103 4
4 118
118 4
4 120
120 4
4 115
115 4
4 116
116 4
4 114
114 4
4 97
97 4
4 122
122 4
4 96
96 4
4 121
121 4
4 123
123 4
4 119
119 4
4 117
117 4
339 341
341 339
339 341
341 339
92 311
311 92
92 289
289 92
92 162
162 92
92 148
148 92
92 138
138 92
92 162
162 92
92 148
148 92
92 138
138 92
92 211
211 92
92 93
93 92
92 140
140 92
92 200
200 92
92 94
94 92
92 289
289 92
92 311
311 92
92 93
93 92
92 200
200 92
92 94
94 92
92 140
140 92
92 211
211 92
139 290
290 139
139 349
349 139
139 351
351 139
139 140
140 139
139 349
349 139
139 280
280 139
139 351
351 139
139 290
290 139
139 280
280 139
139 140
140 139
323 351
351 323
323 351
351 323
405 413
413 405
405 419
419 405
405 413
413 405
405 419
419 405
425 426
426 425
425 431
431 425
425 432
432 425
425 426
426 425
425 431
431 425
425 432
432 425
149 281
281 149
149 166
166 149
149 284
284 149
149 221
221 149
149 221
221 149
149 166
166 149
149 284
284 149
149 281
281 149
149 223
223 149
149 223
223 149
438 439
439 438
438 439
439 438
241 282
282 241
241 264
264 241
241 327
327 241
241 245
245 241
241 370
370 241
241 296
296 241
241 327
327 241
241 296
296 241
241 299
299 241
241 370
370 241
241 282
282 241
241 245
245 241
241 264
264 241
241 299
299 241
210 211
211 210
210 237
237 210
210 321
321 210
210 305
305 210
210 241
241 210
210 221
221 210
210 321
321 210
210 221
221 210
210 241
241 210
210 305
305 210
210 237
237 210
210 211
211 210
1 5
5 1
1 6
6 1
1 7
7 1
1 8
8 1
1 9
9 1
1 10
10 1
1 11
11 1
1 12
12 1
1 13
13 1
1 14
14 1
1 15
15 1
1 2
2 1
1 16
16 1
1 17
17 1
1 18
18 1
1 19
19 1
1 20
20 1
1 21
21 1
1 22
22 1
1 8
8 1
1 23
23 1
1 24
24 1
1 12
12 1
1 11
11 1
1 25
25 1
1 26
26 1
1 7
7 1
1 9
9 1
1 27
27 1
1 28
28 1
1 29
29 1
1 30
30 1
1 31
31 1
1 32
32 1
1 33
33 1
1 34
34 1
1 35
35 1
1 36
36 1
1 37
37 1
1 38
38 1
1 39
39 1
1 6
6 1
1 40
40 1
1 41
41 1
1 42
42 1
1 43
43 1
1 44
44 1
1 45
45 1
1 46
46 1
1 47
47 1
1 5
5 1
1 48
48 1
1 49
49 1
1 50
50 1
1 51
51 1
1 52
52 1
1 53
53 1
1 54
54 1
1 55
55 1
1 56
56 1
1 57
57 1
1 58
58 1
1 59
59 1
1 60
60 1
1 61
61 1
1 62
62 1
1 63
63 1
1 64
64 1
1 65
65 1
1 66
66 1
1 67
67 1
1 68
68 1
1 69
69 1
1 70
70 1
1 71
71 1
1 13
13 1
1 72
72 1
1 73
73 1
1 74
74 1
1 75
75 1
1 76
76 1
1 77
77 1
1 78
78 1
1 79
79 1
1 80
80 1
1 10
10 1
1 14
14 1
1 81
81 1
1 82
82 1
1 83
83 1
1 84
84 1
1 85
85 1
1 86
86 1
1 87
87 1
1 88
88 1
1 75
75 1
1 19
19 1
1 43
43 1
1 57
57 1
1 28
28 1
1 37
37 1
1 2
2 1
1 34
34 1
1 61
61 1
1 60
60 1
1 26
26 1
1 53
53 1
1 58
58 1
1 27
27 1
1 63
63 1
1 38
38 1
1 41
41 1
1 86
86 1
1 54
54 1
1 36
36 1
1 59
59 1
1 52
52 1
1 29
29 1
1 80
80 1
1 25
25 1
1 87
87 1
1 51
51 1
1 32
32 1
1 82
82 1
1 72
72 1
1 64
64 1
1 44
44 1
1 46
46 1
1 22
22 1
1 48
48 1
1 62
62 1
1 78
78 1
1 49
49 1
1 83
83 1
1 71
71 1
1 21
21 1
1 76
76 1
1 40
40 1
1 66
66 1
1 24
24 1
1 16
16 1
1 33
33 1
1 56
56 1
1 15
15 1
1 85
85 1
1 30
30 1
1 23
23 1
1 79
79 1
1 81
81 1
1 20
20 1
1 31
31 1
1 47
47 1
1 35
35 1
1 50
50 1
1 84
84 1
1 67
67 1
1 39
39 1
1 88
88 1
1 17
17 1
1 55
55 1
1 42
42 1
1 65
65 1
1 74
74 1
1 68
68 1
1 77
77 1
1 70
70 1
1 69
69 1
1 45
45 1
1 18
18 1
1 73
73 1
76 234
234 76
76 89
89 76
76 227
227 76
76 233
233 76
76 227
227 76
76 174
174 76
76 234
234 76
76 233
233 76
76 230
230 76
76 89
89 76
76 174
174 76
76 230
230 76
56 210
210 56
56 290
290 56
56 351
351 56
56 84
84 56
56 267
267 56
56 142
142 56
56 290
290 56
56 210
210 56
56 351
351 56
56 84
84 56
56 267
267 56
56 142
142 56
199 281
281 199
199 347
347 199
199 333
333 199
199 221
221 199
199 281
281 199
199 221
221 199
199 347
347 199
199 241
241 199
199 333
333 199
199 246
246 199
199 241
241 199
199 246
246 199
270 275
275 270
270 275
275 270
162 210
210 162
162 281
281 162
162 321
321 162
162 322
322 162
162 289
289 162
162 290
290 162
162 344
344 162
162 281
281 162
162 223
223 162
162 440
440 162
162 221
221 162
162 301
301 162
162 321
321 162
162 190
190 162
162 347
347 162
162 327
327 162
162 290
290 162
162 318
318 162
162 439
439 162
162 348
348 162
162 371
371 162
162 346
346 162
162 264
264 162
162 344
344 162
162 196
196 162
162 298
298 162
162 167
167 162
162 316
316 162
162 310
310 162
162 210
210 162
162 322
322 162
162 304
304 162
162 289
289 162
162 264
264 162
162 347
347 162
162 327
327 162
162 221
221 162
162 167
167 162
162 310
310 162
162 298
298 162
162 371
371 162
162 223
223 162
162 318
318 162
162 301
301 162
162 196
196 162
162 316
316 162
162 440
440 162
162 346
346 162
162 304
304 162
162 348
348 162
162 190
190 162
162 439
439 162
148 291
291 148
148 165
165 148
148 291
291 148
148 165
165 148
148 174
174 148
148 376
376 148
148 376
376 148
148 174
174 148
26 320
320 26
26 321
321 26
26 322
322 26
26 323
323 26
26 324
324 26
26 325
325 26
26 326
326 26
26 325
325 26
26 327
327 26
26 137
137 26
26 328
328 26
26 238
238 26
26 329
329 26
26 322
322 26
26 139
139 26
26 326
326 26
26 320
320 26
26 321
321 26
26 330
330 26
26 331
331 26
26 150
150 26
26 151
151 26
26 324
324 26
26 332
332 26
26 244
244 26
26 333
333 26
26 323
323 26
26 334
334 26
26 335
335 26
26 336
336 26
26 244
244 26
26 329
329 26
26 333
333 26
26 327
327 26
26 328
328 26
26 336
336 26
26 150
150 26
26 334
334 26
26 139
139 26
26 330
330 26
26 331
331 26
26 335
335 26
26 332
332 26
26 151
151 26
26 137
137 26
26 238
238 26
144 234
234 144
144 162
162 144
144 246
246 144
144 173
173 144
144 234
234 144
144 162
162 144
144 173
173 144
144 246
246 144
190 199
199 190
190 200
200 190
190 199
199 190
190 200
200 190
190 439
439 190
190 439
439 190
314 351
351 314
314 351
351 314
48 234
234 48
48 145
145 48
48 221
221 48
48 221
221 48
48 234
234 48
48 371
371 48
48 93
93 48
48 140
140 48
48 315
315 48
48 145
145 48
48 200
200 48
48 81
81 48
48 440
440 48
48 376
376 48
48 371
371 48
48 93
93 48
48 200
200 48
48 376
376 48
48 81
81 48
48 315
315 48
48 440
440 48
48 140
140 48
23 210
210 23
23 162
162 23
23 28
28 23
23 221
221 23
23 310
310 23
23 175
175 23
23 93
93 23
23 200
200 23
23 221
221 23
23 238
238 23
23 93
93 23
23 162
162 23
23 28
28 23
23 200
200 23
23 210
210 23
23 310
310 23
23 175
175 23
23 238
238 23
137 264
264 137
137 244
244 137
137 327
327 137
137 376
376 137
137 327
327 137
137 190
190 137
137 244
244 137
137 264
264 137
137 376
376 137
137 190
190 137
17 145
145 17
17 162
162 17
17 264
264 17
17 265
265 17
17 223
223 17
17 196
196 17
17 266
266 17
17 163
163 17
17 162
162 17
17 163
163 17
17 266
266 17
17 265
265 17
17 196
196 17
17 223
223 17
17 264
264 17
17 145
145 17
221 321
321 221
221 433
433 221
221 289
289 221
221 264
264 221
221 347
347 221
221 284
284 221
221 294
294 221
221 300
300 221
221 295
295 221
221 284
284 221
221 298
298 221
221 321
321 221
221 306
306 221
221 241
241 221
221 289
289 221
221 347
347 221
221 266
266 221
221 264
264 221
221 294
294 221
221 433
433 221
221 351
351 221
221 295
295 221
221 241
241 221
221 298
298 221
221 351
351 221
221 306
306 221
221 300
300 221
221 266
266 221
234 237
237 234
234 241
241 234
234 437
437 234
234 280
280 234
234 307
307 234
234 264
264 234
234 351
351 234
234 264
264 234
234 241
241 234
234 351
351 234
234 307
307 234
234 437
437 234
234 280
280 234
234 237
237 234
168 307
307 168
168 282
282 168
168 333
333 168
168 266
266 168
168 282
282 168
168 333
333 168
168 307
307 168
168 266
266 168
124 221
221 124
124 315
315 124
124 221
221 124
124 315
315 124
419 464
464 419
419 464
464 419
409 413
413 409
409 413
413 409
38 291
291 38
38 264
264 38
38 441
441 38
38 442
442 38
38 443
443 38
38 441
441 38
38 444
444 38
38 445
445 38
38 306
306 38
38 446
446 38
38 447
447 38
38 264
264 38
38 291
291 38
38 142
142 38
38 240
240 38
38 50
50 38
38 67
67 38
38 175
175 38
38 446
446 38
38 240
240 38
38 175
175 38
38 442
442 38
38 443
443 38
38 306
306 38
38 447
447 38
38 445
445 38
38 50
50 38
38 67
67 38
38 444
444 38
38 142
142 38
94 289
289 94
94 350
350 94
94 284
284 94
94 370
370 94
94 132
132 94
94 158
158 94
94 131
131 94
94 223
223 94
94 376
376 94
94 132
132 94
94 284
284 94
94 223
223 94
94 370
370 94
94 190
190 94
94 289
289 94
94 158
158 94
94 131
131 94
94 350
350 94
94 376
376 94
94 190
190 94
132 210
210 132
132 160
160 132
132 168
168 132
132 160
160 132
132 168
168 132
132 305
305 132
132 210
210 132
132 237
237 132
132 305
305 132
132 237
237 132
194 210
210 194
194 196
196 194
194 348
348 194
194 327
327 194
194 264
264 194
194 210
210 194
194 351
351 194
194 264
264 194
194 327
327 194
194 351
351 194
194 196
196 194
194 348
348 194
18 210
210 18
18 162
162 18
18 199
199 18
18 21
21 18
18 175
175 18
18 56
56 18
18 67
67 18
18 267
267 18
18 21
21 18
18 162
162 18
18 56
56 18
18 267
267 18
18 199
199 18
18 210
210 18
18 67
67 18
18 175
175 18
280 323
323 280
280 313
313 280
280 314
314 280
280 306
306 280
280 306
306 280
280 315
315 280
280 313
313 280
280 323
323 280
280 314
314 280
280 315
315 280
166 234
234 166
166 221
221 166
166 284
284 166
166 234
234 166
166 284
284 166
166 221
221 166
423 428
428 423
423 428
428 423
40 210
210 40
40 236
236 40
40 194
194 40
40 264
264 40
40 244
244 40
40 221
221 40
40 173
173 40
40 313
313 40
40 221
221 40
40 163
163 40
40 313
313 40
40 266
266 40
40 174
174 40
40 236
236 40
40 264
264 40
40 194
194 40
40 173
173 40
40 305
305 40
40 210
210 40
40 244
244 40
40 314
314 40
40 157
157 40
40 314
314 40
40 305
305 40
40 174
174 40
40 157
157 40
40 266
266 40
40 163
163 40
353 355
355 353
353 355
355 353
154 264
264 154
154 237
237 154
154 264
264 154
154 351
351 154
154 351
351 154
154 237
237 154
284 305
305 284
284 439
439 284
284 305
305 284
284 439
439 284
89 210
210 89
89 361
361 89
89 210
210 89
89 353
353 89
89 361
361 89
89 353
353 89
349 421
421 349
349 421
421 349
273 274
274 273
273 274
274 273
13 224
224 13
13 225
225 13
13 226
226 13
13 227
227 13
13 228
228 13
13 229
229 13
13 73
73 13
13 230
230 13
13 231
231 13
13 232
232 13
13 233
233 13
13 227
227 13
13 226
226 13
13 224
224 13
13 233
233 13
13 228
228 13
13 225
225 13
13 229
229 13
13 230
230 13
13 231
231 13
13 232
232 13
13 73
73 13
68 160
160 68
68 163
163 68
68 146
146 68
68 160
160 68
68 163
163 68
68 146
146 68
466 486
486 466
466 486
486 466
283 344
344 283
283 344
344 283
283 439
439 283
283 439
439 283
140 141
141 140
140 234
234 140
140 433
433 140
140 162
162 140
140 323
323 140
140 166
166 140
140 284
284 140
140 221
221 140
140 370
370 140
140 173
173 140
140 266
266 140
140 221
221 140
140 284
284 140
140 141
141 140
140 234
234 140
140 370
370 140
140 162
162 140
140 266
266 140
140 166
166 140
140 197
197 140
140 323
323 140
140 173
173 140
140 433
433 140
140 197
197 140
21 210
210 21
21 144
144 21
21 281
281 21
21 234
234 21
21 282
282 21
21 264
264 21
21 283
283 21
21 284
284 21
21 285
285 21
21 22
22 21
21 83
83 21
21 284
284 21
21 283
283 21
21 144
144 21
21 286
286 21
21 22
22 21
21 287
287 21
21 140
140 21
21 234
234 21
21 281
281 21
21 264
264 21
21 282
282 21
21 285
285 21
21 210
210 21
21 76
76 21
21 83
83 21
21 67
67 21
21 76
76 21
21 287
287 21
21 140
140 21
21 67
67 21
21 286
286 21
450 464
464 450
450 464
464 450
29 352
352 29
29 353
353 29
29 354
354 29
29 354
354 29
29 355
355 29
29 356
356 29
29 353
353 29
29 357
357 29
29 352
352 29
29 358
358 29
29 359
359 29
29 360
360 29
29 359
359 29
29 357
357 29
29 358
358 29
29 356
356 29
29 360
360 29
29 355
355 29
290 323
323 290
290 439
439 290
290 323
323 290
290 439
439 290
98 99
99 98
98 99
99 98
304 376
376 304
304 376
376 304
70 162
162 70
70 194
194 70
70 200
200 70
70 174
174 70
70 237
237 70
70 151
151 70
70 197
197 70
70 162
162 70
70 197
197 70
70 151
151 70
70 174
174 70
70 194
194 70
70 200
200 70
70 237
237 70
173 433
433 173
173 264
264 173
173 264
264 173
173 200
200 173
173 433
433 173
173 351
351 173
173 351
351 173
173 200
200 173
37 234
234 37
37 433
433 37
37 162
162 37
37 434
434 37
37 162
162 37
37 435
435 37
37 436
436 37
37 437
437 37
37 93
93 37
37 84
84 37
37 199
199 37
37 234
234 37
37 438
438 37
37 433
433 37
37 350
350 37
37 439
439 37
37 440
440 37
37 146
146 37
37 350
350 37
37 199
199 37
37 93
93 37
37 437
437 37
37 435
435 37
37 440
440 37
37 434
434 37
37 84
84 37
37 438
438 37
37 146
146 37
37 439
439 37
37 436
436 37
227 233
233 227
227 233
233 227
63 160
160 63
63 160
160 63
63 436
436 63
63 436
436 63
164 244
244 164
164 244
244 164
164 439
439 164
164 439
439 164
67 210
210 67
67 144
144 67
67 311
311 67
67 234
234 67
67 433
433 67
67 290
290 67
67 162
162 67
67 323
323 67
67 282
282 67
67 292
292 67
67 194
194 67
67 350
350 67
67 244
244 67
67 283
283 67
67 149
149 67
67 154
154 67
67 351
351 67
67 83
83 67
67 71
71 67
67 138
138 67
67 140
140 67
67 68
68 67
67 137
137 67
67 286
286 67
67 282
282 67
67 210
210 67
67 311
311 67
67 138
138 67
67 140
140 67
67 234
234 67
67 144
144 67
67 290
290 67
67 439
439 67
67 149
149 67
67 190
190 67
67 162
162 67
67 283
283 67
67 154
154 67
67 350
350 67
67 244
244 67
67 83
83 67
67 71
71 67
67 163
163 67
67 323
323 67
67 171
171 67
67 433
433 67
67 194
194 67
67 292
292 67
67 351
351 67
67 171
171 67
67 163
163 67
67 137
137 67
67 286
286 67
67 68
68 67
67 190
190 67
67 439
439 67
51 227
227 51
51 194
194 51
51 227
227 51
51 286
286 51
51 231
231 51
51 194
194 51
51 231
231 51
51 286
286 51
14 234
234 14
14 145
145 14
14 137
137 14
14 235
235 14
14 18
18 14
14 236
236 14
14 237
237 14
14 238
238 14
14 239
239 14
14 92
92 14
14 157
157 14
14 93
93 14
14 223
223 14
14 234
234 14
14 240
240 14
14 145
145 14
14 67
67 14
14 241
241 14
14 59
59 14
14 242
242 14
14 151
151 14
14 147
147 14
14 194
194 14
14 154
154 14
14 243
243 14
14 81
81 14
14 244
244 14
14 63
63 14
14 83
83 14
14 245
245 14
14 128
128 14
14 246
246 14
14 171
171 14
14 236
236 14
14 194
194 14
14 63
63 14
14 244
244 14
14 59
59 14
14 240
240 14
14 245
245 14
14 128
128 14
14 241
241 14
14 246
246 14
14 154
154 14
14 83
83 14
14 92
92 14
14 223
223 14
14 93
93 14
14 81
81 14
14 243
243 14
14 157
157 14
14 237
237 14
14 67
67 14
14 171
171 14
14 239
239 14
14 235
235 14
14 151
151 14
14 137
137 14
14 147
147 14
14 238
238 14
14 242
242 14
14 18
18 14
439 440
440 439
439 440
440 439
355 358
358 355
355 358
358 355
338 339
339 338
338 342
342 338
338 412
412 338
338 339
339 338
338 342
342 338
338 412
412 338
45 214
214 45
45 248
248 45
45 228
228 45
45 384
384 45
45 367
367 45
45 367
367 45
45 228
228 45
45 384
384 45
45 214
214 45
45 248
248 45
62 163
163 62
62 163
163 62
282 361
361 282
282 321
321 282
282 361
361 282
282 321
321 282
30 361
361 30
30 234
234 30
30 162
162 30
30 160
160 30
30 168
168 30
30 244
244 30
30 46
46 30
30 160
160 30
30 162
162 30
30 361
361 30
30 168
168 30
30 46
46 30
30 234
234 30
30 244
244 30
30 67
67 30
30 146
146 30
30 67
67 30
30 146
146 30
201 276
276 201
201 204
204 201
201 206
206 201
201 207
207 201
201 209
209 201
201 273
273 201
201 384
384 201
201 367
367 201
201 204
204 201
201 273
273 201
201 209
209 201
201 276
276 201
201 249
249 201
201 206
206 201
201 207
207 201
201 384
384 201
201 249
249 201
201 367
367 201
374 376
376 374
374 376
376 374
295 305
305 295
295 305
305 295
197 311
311 197
197 264
264 197
197 237
237 197
197 264
264 197
197 319
319 197
197 311
311 197
197 237
237 197
197 319
319 197
313 351
351 313
313 351
351 313
27 337
337 27
27 338
338 27
27 339
339 27
27 272
272 27
27 340
340 27
27 341
341 27
27 342
342 27
27 52
52 27
27 69
69 27
27 79
79 27
27 337
337 27
27 272
272 27
27 339
339 27
27 186
186 27
27 338
338 27
27 342
342 27
27 52
52 27
27 79
79 27
27 186
186 27
27 340
340 27
27 341
341 27
27 69
69 27
24 311
311 24
24 145
145 24
24 162
162 24
24 28
28 24
24 168
168 24
24 244
244 24
24 165
165 24
24 312
312 24
24 150
150 24
24 139
139 24
24 313
313 24
24 314
314 24
24 211
211 24
24 312
312 24
24 314
314 24
24 28
28 24
24 311
311 24
24 168
168 24
24 138
138 24
24 139
139 24
24 93
93 24
24 145
145 24
24 150
150 24
24 151
151 24
24 315
315 24
24 244
244 24
24 157
157 24
24 162
162 24
24 163
163 24
24 313
313 24
24 165
165 24
24 197
197 24
24 316
316 24
24 174
174 24
24 138
138 24
24 93
93 24
24 174
174 24
24 316
316 24
24 315
315 24
24 157
157 24
24 211
211 24
24 163
163 24
24 151
151 24
24 197
197 24
43 85
85 43
43 218
218 43
43 218
218 43
43 85
85 43
266 290
290 266
266 344
344 266
266 282
282 266
266 350
350 266
266 370
370 266
266 295
295 266
266 298
298 266
266 307
307 266
266 301
301 266
266 300
300 266
266 300
300 266
266 298
298 266
266 295
295 266
266 301
301 266
266 290
290 266
266 370
370 266
266 282
282 266
266 307
307 266
266 344
344 266
266 350
350 266
372 375
375 372
372 373
373 372
372 373
373 372
372 375
375 372
198 255
255 198
198 351
351 198
198 313
313 198
198 313
313 198
198 255
255 198
198 351
351 198
134 305
305 134
134 305
305 134
22 210
210 22
22 288
288 22
22 289
289 22
22 290
290 22
22 160
160 22
22 291
291 22
22 292
292 22
22 293
293 22
22 41
41 22
22 155
155 22
22 294
294 22
22 295
295 22
22 199
199 22
22 296
296 22
22 132
132 22
22 297
297 22
22 298
298 22
22 68
68 22
22 299
299 22
22 71
71 22
22 300
300 22
22 155
155 22
22 210
210 22
22 132
132 22
22 237
237 22
22 295
295 22
22 301
301 22
22 302
302 22
22 196
196 22
22 297
297 22
22 298
298 22
22 303
303 22
22 304
304 22
22 290
290 22
22 137
137 22
22 305
305 22
22 146
146 22
22 294
294 22
22 306
306 22
22 293
293 22
22 41
41 22
22 288
288 22
22 289
289 22
22 307
307 22
22 160
160 22
22 291
291 22
22 131
131 22
22 308
308 22
22 40
40 22
22 309
309 22
22 199
199 22
22 172
172 22
22 292
292 22
22 296
296 22
22 172
172 22
22 71
71 22
22 40
40 22
22 302
302 22
22 309
309 22
22 131
131 22
22 305
305 22
22 308
308 22
22 307
307 22
22 306
306 22
22 299
299 22
22 301
301 22
22 196
196 22
22 300
300 22
22 304
304 22
22 237
237 22
22 137
137 22
22 146
146 22
22 303
303 22
22 68
68 22
93 210
210 93
93 125
125 93
93 144
144 93
93 281
281 93
93 321
321 93
93 289
289 93
93 290
290 93
93 344
344 93
93 323
323 93
93 168
168 93
93 166
166 93
93 264
264 93
93 350
350 93
93 244
244 93
93 165
165 93
93 333
333 93
93 159
159 93
93 284
284 93
93 327
327 93
93 167
167 93
93 245
245 93
93 370
370 93
93 149
149 93
93 199
199 93
93 128
128 93
93 351
351 93
93 371
371 93
93 139
139 93
93 313
313 93
93 314
314 93
93 164
164 93
93 156
156 93
93 317
317 93
93 281
281 93
93 440
440 93
93 301
301 93
93 168
168 93
93 321
321 93
93 190
190 93
93 315
315 93
93 165
165 93
93 323
323 93
93 245
245 93
93 199
199 93
93 350
350 93
93 351
351 93
93 376
376 93
93 317
317 93
93 327
327 93
93 128
128 93
93 200
200 93
93 290
290 93
93 439
439 93
93 371
371 93
93 333
333 93
93 159
159 93
93 166
166 93
93 171
171 93
93 129
129 93
93 284
284 93
93 307
307 93
93 370
370 93
93 264
264 93
93 244
244 93
93 156
156 93
93 149
149 93
93 164
164 93
93 167
167 93
93 314
314 93
93 126
126 93
93 137
137 93
93 300
300 93
93 210
210 93
93 125
125 93
93 139
139 93
93 344
344 93
93 144
144 93
93 289
289 93
93 157
157 93
93 313
313 93
93 304
304 93
93 94
94 93
93 307
307 93
93 200
200 93
93 376
376 93
93 301
301 93
93 94
94 93
93 129
129 93
93 300
300 93
93 315
315 93
93 157
157 93
93 440
440 93
93 126
126 93
93 304
304 93
93 171
171 93
93 137
137 93
93 190
190 93
93 439
439 93
281 445
445 281
281 351
351 281
281 351
351 281
281 445
445 281
426 431
431 426
426 428
428 426
426 428
428 426
426 431
431 426
289 313
313 289
289 315
315 289
289 313
313 289
289 315
315 289
25 28
28 25
25 236
236 25
25 194
194 25
25 224
224 25
25 317
317 25
25 224
224 25
25 266
266 25
25 138
138 25
25 196
196 25
25 93
93 25
25 200
200 25
25 194
194 25
25 28
28 25
25 318
318 25
25 236
236 25
25 319
319 25
25 138
138 25
25 317
317 25
25 93
93 25
25 200
200 25
25 318
318 25
25 196
196 25
25 266
266 25
25 319
319 25
80 269
269 80
80 276
276 80
80 204
204 80
80 206
206 80
80 363
363 80
80 204
204 80
80 363
363 80
80 276
276 80
80 85
85 80
80 206
206 80
80 269
269 80
80 85
85 80
155 281
281 155
155 160
160 155
155 160
160 155
155 281
281 155
160 300
300 160
160 314
314 160
160 237
237 160
160 221
221 160
160 284
284 160
160 298
298 160
160 284
284 160
160 221
221 160
160 298
298 160
160 314
314 160
160 300
300 160
160 237
237 160
74 163
163 74
74 163
163 74
96 97
97 96
96 97
97 96
2 89
89 2
2 14
14 2
2 90
90 2
2 56
56 2
2 91
91 2
2 92
92 2
2 14
14 2
2 93
93 2
2 94
94 2
2 67
67 2
2 89
89 2
2 90
90 2
2 91
91 2
2 92
92 2
2 93
93 2
2 56
56 2
2 94
94 2
2 67
67 2
146 290
290 146
146 282
282 146
146 292
292 146
146 155
155 146
146 159
159 146
146 221
221 146
146 241
241 146
146 172
172 146
146 307
307 146
146 221
221 146
146 290
290 146
146 241
241 146
146 282
282 146
146 155
155 146
146 307
307 146
146 159
159 146
146 172
172 146
146 292
292 146
114 122
122 114
114 122
122 114
440 442
442 440
440 442
442 440
34 387
387 34
34 388
388 34
34 389
389 34
34 390
390 34
34 391
391 34
34 49
49 34
34 392
392 34
34 389
389 34
34 393
393 34
34 394
394 34
34 395
395 34
34 396
396 34
34 397
397 34
34 398
398 34
34 399
399 34
34 400
400 34
34 401
401 34
34 402
402 34
34 254
254 34
34 403
403 34
34 387
387 34
34 404
404 34
34 405
405 34
34 388
388 34
34 406
406 34
34 407
407 34
34 408
408 34
34 409
409 34
34 410
410 34
34 411
411 34
34 412
412 34
34 413
413 34
34 414
414 34
34 415
415 34
34 416
416 34
34 417
417 34
34 418
418 34
34 419
419 34
34 395
395 34
34 415
415 34
34 254
254 34
34 405
405 34
34 396
396 34
34 416
416 34
34 400
400 34
34 391
391 34
34 411
411 34
34 417
417 34
34 393
393 34
34 407
407 34
34 410
410 34
34 404
404 34
34 406
406 34
34 413
413 34
34 397
397 34
34 402
402 34
34 409
409 34
34 401
401 34
34 49
49 34
34 390
390 34
34 403
403 34
34 398
398 34
34 418
418 34
34 419
419 34
34 412
412 34
34 394
394 34
34 392
392 34
34 399
399 34
34 408
408 34
34 414
414 34
453 468
468 453
453 468
468 453
272 379
379 272
272 379
379 272
84 210
210 84
84 162
162 84
84 284
284 84
84 149
149 84
84 93
93 84
84 318
318 84
84 94
94 84
84 284
284 84
84 162
162 84
84 149
149 84
84 318
318 84
84 93
93 84
84 94
94 84
84 210
210 84
175 433
433 175
175 347
347 175
175 240
240 175
175 370
370 175
175 299
299 175
175 240
240 175
175 347
347 175
175 301
301 175
175 370
370 175
175 433
433 175
175 299
299 175
175 301
301 175
174 289
289 174
174 264
264 174
174 333
333 174
174 280
280 174
174 333
333 174
174 264
264 174
174 280
280 174
174 289
289 174
369 372
372 369
369 372
372 369
95 96
96 95
95 97
97 95
95 97
97 95
95 96
96 95
163 289
289 163
163 264
264 163
163 169
169 163
163 165
165 163
163 199
199 163
163 298
298 163
163 351
351 163
163 280
280 163
163 299
299 163
163 300
300 163
163 440
440 163
163 266
266 163
163 299
299 163
163 300
300 163
163 440
440 163
163 298
298 163
163 280
280 163
163 289
289 163
163 266
266 163
163 165
165 163
163 169
169 163
163 264
264 163
163 199
199 163
163 351
351 163
213 379
379 213
213 379
379 213
449 474
474 449
449 483
483 449
449 464
464 449
449 464
464 449
449 474
474 449
449 483
483 449
258 259
259 258
258 259
259 258
131 175
175 131
131 198
198 131
131 198
198 131
131 175
175 131
108 119
119 108
108 115
115 108
108 115
115 108
108 119
119 108
20 234
234 20
20 145
145 20
20 278
278 20
20 168
168 20
20 199
199 20
20 22
22 20
20 93
93 20
20 279
279 20
20 280
280 20
20 196
196 20
20 196
196 20
20 168
168 20
20 279
279 20
20 22
22 20
20 93
93 20
20 234
234 20
20 199
199 20
20 278
278 20
20 280
280 20
20 145
145 20
20 67
67 20
20 67
67 20
65 487
487 65
65 204
204 65
65 206
206 65
65 207
207 65
65 248
248 65
65 487
487 65
65 204
204 65
65 206
206 65
65 207
207 65
65 248
248 65
215 218
218 215
215 218
218 215
240 289
289 240
240 267
267 240
240 305
305 240
240 289
289 240
240 305
305 240
240 267
267 240
347 440
440 347
347 440
440 347
306 439
439 306
306 440
440 306
306 440
440 306
306 439
439 306
153 155
155 153
153 155
155 153
185 187
187 185
185 339
339 185
185 187
187 185
185 339
339 185
77 269
269 77
77 141
141 77
77 212
212 77
77 247
247 77
77 272
272 77
77 248
248 77
77 384
384 77
77 274
274 77
77 384
384 77
77 247
247 77
77 272
272 77
77 141
141 77
77 248
248 77
77 274
274 77
77 212
212 77
77 269
269 77
207 217
217 207
207 209
209 207
207 209
209 207
207 217
217 207
127 339
339 127
127 186
186 127
127 267
267 127
127 267
267 127
127 339
339 127
127 186
186 127
47 51
51 47
47 51
51 47
47 50
50 47
47 50
50 47
236 433
433 236
236 289
289 236
236 264
264 236
236 280
280 236
236 319
319 236
236 433
433 236
236 289
289 236
236 351
351 236
236 264
264 236
236 351
351 236
236 280
280 236
236 319
319 236
181 182
182 181
181 182
182 181
169 281
281 169
169 256
256 169
169 281
281 169
169 256
256 169
82 281
281 82
82 436
436 82
82 445
445 82
82 281
281 82
82 439
439 82
82 445
445 82
82 439
439 82
82 436
436 82
333 421
421 333
333 421
421 333
85 212
212 85
85 377
377 85
85 214
214 85
85 247
247 85
85 204
204 85
85 207
207 85
85 201
201 85
85 218
218 85
85 277
277 85
85 228
228 85
85 382
382 85
85 249
249 85
85 201
201 85
85 247
247 85
85 277
277 85
85 251
251 85
85 204
204 85
85 382
382 85
85 367
367 85
85 228
228 85
85 214
214 85
85 212
212 85
85 249
249 85
85 207
207 85
85 377
377 85
85 218
218 85
85 251
251 85
85 367
367 85
151 290
290 151
151 264
264 151
151 245
245 151
151 351
351 151
151 223
223 151
151 318
318 151
151 237
237 151
151 245
245 151
151 223
223 151
151 264
264 151
151 237
237 151
151 318
318 151
151 351
351 151
151 290
290 151
138 281
281 138
138 327
327 138
138 167
167 138
138 296
296 138
138 296
296 138
138 281
281 138
138 327
327 138
138 318
318 138
138 280
280 138
138 355
355 138
138 167
167 138
138 280
280 138
138 318
318 138
138 355
355 138
267 289
289 267
267 347
347 267
267 442
442 267
267 299
299 267
267 442
442 267
267 299
299 267
267 289
289 267
267 347
347 267
135 280
280 135
135 280
280 135
129 244
244 129
129 241
241 129
129 150
150 129
129 305
305 129
129 200
200 129
129 163
163 129
129 150
150 129
129 244
244 129
129 200
200 129
129 305
305 129
129 319
319 129
129 241
241 129
129 163
163 129
129 319
319 129
311 317
317 311
311 317
317 311
150 311
311 150
150 322
322 150
150 421
421 150
150 322
322 150
150 211
211 150
150 421
421 150
150 311
311 150
150 280
280 150
150 351
351 150
150 351
351 150
150 280
280 150
150 211
211 150
59 162
162 59
59 160
160 59
59 160
160 59
59 162
162 59
59 296
296 59
59 93
93 59
59 246
246 59
59 199
199 59
59 146
146 59
59 199
199 59
59 296
296 59
59 246
246 59
59 93
93 59
59 146
146 59
317 319
319 317
317 319
319 317
41 234
234 41
41 264
264 41
41 137
137 41
41 93
93 41
41 234
234 41
41 264
264 41
41 199
199 41
41 200
200 41
41 67
67 41
41 199
199 41
41 93
93 41
41 200
200 41
41 67
67 41
41 137
137 41
458 473
473 458
458 473
473 458
88 269
269 88
88 214
214 88
88 248
248 88
88 384
384 88
88 269
269 88
88 384
384 88
88 214
214 88
88 248
248 88
145 296
296 145
145 221
221 145
145 196
196 145
145 240
240 145
145 160
160 145
145 304
304 145
145 310
310 145
145 160
160 145
145 240
240 145
145 221
221 145
145 310
310 145
145 296
296 145
145 196
196 145
145 304
304 145
238 285
285 238
238 285
285 238
238 319
319 238
238 319
319 238
322 334
334 322
322 330
330 322
322 334
334 322
322 330
330 322
465 481
481 465
465 481
481 465
120 122
122 120
120 122
122 120
58 311
311 58
58 162
162 58
58 323
323 58
58 194
194 58
58 317
317 58
58 211
211 58
58 200
200 58
58 311
311 58
58 238
238 58
58 139
139 58
58 150
150 58
58 151
151 58
58 194
194 58
58 81
81 58
58 244
244 58
58 157
157 58
58 162
162 58
58 323
323 58
58 197
197 58
58 94
94 58
58 310
310 58
58 244
244 58
58 310
310 58
58 150
150 58
58 139
139 58
58 317
317 58
58 200
200 58
58 94
94 58
58 81
81 58
58 157
157 58
58 211
211 58
58 151
151 58
58 238
238 58
58 197
197 58
157 165
165 157
157 351
351 157
157 174
174 157
157 165
165 157
157 174
174 157
157 351
351 157
141 264
264 141
141 289
289 141
141 237
237 141
141 289
289 141
141 264
264 141
141 237
237 141
224 233
233 224
224 230
230 224
224 233
233 224
224 230
230 224
218 339
339 218
218 339
339 218
218 220
220 218
218 249
249 218
218 249
249 218
218 220
220 218
448 478
478 448
448 474
474 448
448 491
491 448
448 490
490 448
448 464
464 448
448 452
452 448
448 485
485 448
448 452
452 448
448 464
464 448
448 474
474 448
448 478
478 448
448 485
485 448
448 490
490 448
448 491
491 448
28 144
144 28
28 343
343 28
28 290
290 28
28 344
344 28
28 162
162 28
28 317
317 28
28 68
68 28
28 84
84 28
28 72
72 28
28 345
345 28
28 346
346 28
28 236
236 28
28 319
319 28
28 32
32 28
28 92
92 28
28 290
290 28
28 78
78 28
28 347
347 28
28 348
348 28
28 58
58 28
28 144
144 28
28 349
349 28
28 61
61 28
28 244
244 28
28 162
162 28
28 197
197 28
28 167
167 28
28 169
169 28
28 343
343 28
28 66
66 28
28 344
344 28
28 350
350 28
28 310
310 28
28 351
351 28
28 236
236 28
28 349
349 28
28 61
61 28
28 169
169 28
28 350
350 28
28 58
58 28
28 347
347 28
28 244
244 28
28 167
167 28
28 310
310 28
28 32
32 28
28 72
72 28
28 351
351 28
28 78
78 28
28 66
66 28
28 317
317 28
28 92
92 28
28 345
345 28
28 346
346 28
28 84
84 28
28 348
348 28
28 197
197 28
28 68
68 28
28 319
319 28
172 289
289 172
172 264
264 172
172 221
221 172
172 296
296 172
172 221
221 172
172 266
266 172
172 296
296 172
172 306
306 172
172 264
264 172
172 289
289 172
172 306
306 172
172 266
266 172
431 432
432 431
431 432
432 431
125 313
313 125
125 149
149 125
125 222
222 125
125 234
234 125
125 234
234 125
125 149
149 125
125 313
313 125
125 222
222 125
250 483
483 250
250 483
483 250
106 111
111 106
106 122
122 106
106 111
111 106
106 122
122 106
243 282
282 243
243 282
282 243
243 304
304 243
243 304
304 243
247 379
379 247
247 379
379 247
297 451
451 297
297 479
479 297
297 480
480 297
297 484
484 297
297 489
489 297
297 451
451 297
297 484
484 297
297 480
480 297
297 479
479 297
297 489
489 297
86 209
209 86
86 186
186 86
86 209
209 86
86 186
186 86
406 412
412 406
406 412
412 406
451 489
489 451
451 489
489 451
11 212
212 11
11 213
213 11
11 214
214 11
11 79
79 11
11 212
212 11
11 215
215 11
11 216
216 11
11 204
204 11
11 217
217 11
11 207
207 11
11 218
218 11
11 214
214 11
11 219
219 11
11 220
220 11
11 213
213 11
11 215
215 11
11 204
204 11
11 207
207 11
11 216
216 11
11 217
217 11
11 218
218 11
11 219
219 11
11 79
79 11
11 220
220 11
83 194
194 83
83 327
327 83
83 241
241 83
83 154
154 83
83 327
327 83
83 190
190 83
83 171
171 83
83 194
194 83
83 154
154 83
83 241
241 83
83 171
171 83
83 190
190 83
8 162
162 8
8 196
196 8
8 168
168 8
8 138
138 8
8 197
197 8
8 198
198 8
8 199
199 8
8 28
28 8
8 200
200 8
8 162
162 8
8 28
28 8
8 168
168 8
8 199
199 8
8 198
198 8
8 138
138 8
8 200
200 8
8 196
196 8
8 197
197 8
72 210
210 72
72 162
162 72
72 264
264 72
72 162
162 72
72 371
371 72
72 93
93 72
72 264
264 72
72 210
210 72
72 157
157 72
72 348
348 72
72 371
371 72
72 93
93 72
72 157
157 72
72 348
348 72
300 305
305 300
300 305
305 300
211 311
311 211
211 344
344 211
211 349
349 211
211 317
317 211
211 318
318 211
211 317
317 211
211 349
349 211
211 344
344 211
211 318
318 211
211 311
311 211
66 145
145 66
66 162
162 66
66 162
162 66
66 163
163 66
66 196
196 66
66 171
171 66
66 145
145 66
66 319
319 66
66 157
157 66
66 196
196 66
66 157
157 66
66 171
171 66
66 163
163 66
66 319
319 66
245 371
371 245
245 438
438 245
245 304
304 245
245 376
376 245
245 371
371 245
245 376
376 245
245 304
304 245
245 438
438 245
46 234
234 46
46 137
137 46
46 234
234 46
46 94
94 46
46 175
175 46
46 351
351 46
46 351
351 46
46 175
175 46
46 94
94 46
46 137
137 46
469 484
484 469
469 484
484 469
237 244
244 237
237 295
295 237
237 305
305 237
237 295
295 237
237 238
238 237
237 305
305 237
237 244
244 237
237 238
238 237
116 222
222 116
116 171
171 116
116 222
222 116
116 171
171 116
81 344
344 81
81 162
162 81
81 93
93 81
81 162
162 81
81 93
93 81
81 344
344 81
81 237
237 81
81 237
237 81
71 210
210 71
71 234
234 71
71 199
199 71
71 196
196 71
71 163
163 71
71 198
198 71
71 234
234 71
71 199
199 71
71 210
210 71
71 198
198 71
71 196
196 71
71 163
163 71
73 269
269 73
73 75
75 73
73 209
209 73
73 273
273 73
73 248
248 73
73 201
201 73
73 228
228 73
73 384
384 73
73 201
201 73
73 384
384 73
73 75
75 73
73 273
273 73
73 269
269 73
73 209
209 73
73 228
228 73
73 248
248 73
268 379
379 268
268 379
379 268
159 244
244 159
159 299
299 159
159 305
305 159
159 244
244 159
159 439
439 159
159 305
305 159
159 299
299 159
159 439
439 159
379 464
464 379
379 464
464 379
251 273
273 251
251 271
271 251
251 273
273 251
251 271
271 251
39 448
448 39
39 449
449 39
39 450
450 39
39 451
451 39
39 452
452 39
39 453
453 39
39 454
454 39
39 455
455 39
39 456
456 39
39 457
457 39
39 458
458 39
39 459
459 39
39 460
460 39
39 461
461 39
39 462
462 39
39 463
463 39
39 464
464 39
39 465
465 39
39 466
466 39
39 467
467 39
39 468
468 39
39 469
469 39
39 470
470 39
39 471
471 39
39 472
472 39
39 473
473 39
39 474
474 39
39 475
475 39
39 476
476 39
39 477
477 39
39 478
478 39
39 479
479 39
39 480
480 39
39 481
481 39
39 482
482 39
39 483
483 39
39 484
484 39
39 485
485 39
39 486
486 39
39 487
487 39
39 488
488 39
39 489
489 39
39 490
490 39
39 491
491 39
39 492
492 39
39 493
493 39
39 494
494 39
39 495
495 39
39 496
496 39
39 497
497 39
39 498
498 39
39 499
499 39
39 297
297 39
39 419
419 39
39 449
449 39
39 459
459 39
39 297
297 39
39 478
478 39
39 488
488 39
39 468
468 39
39 482
482 39
39 477
477 39
39 497
497 39
39 469
469 39
39 448
448 39
39 461
461 39
39 495
495 39
39 462
462 39
39 451
451 39
39 458
458 39
39 466
466 39
39 470
470 39
39 474
474 39
39 486
486 39
39 465
465 39
39 484
484 39
39 498
498 39
39 457
457 39
39 493
493 39
39 472
472 39
39 483
483 39
39 464
464 39
39 454
454 39
39 450
450 39
39 476
476 39
39 491
491 39
39 460
460 39
39 492
492 39
39 471
471 39
39 467
467 39
39 473
473 39
39 456
456 39
39 499
499 39
39 490
490 39
39 455
455 39
39 475
475 39
39 481
481 39
39 487
487 39
39 480
480 39
39 419
419 39
39 496
496 39
39 452
452 39
39 485
485 39
39 463
463 39
39 494
494 39
39 479
479 39
39 453
453 39
39 489
489 39
130 343
343 130
130 305
305 130
130 343
343 130
130 305
305 130
230 233
233 230
230 233
233 230
196 344
344 196
196 313
313 196
196 198
198 196
196 223
223 196
196 200
200 196
196 200
200 196
196 198
198 196
196 223
223 196
196 313
313 196
196 344
344 196
254 388
388 254
254 388
388 254
254 408
408 254
254 408
408 254
182 361
361 182
182 187
187 182
182 296
296 182
182 296
296 182
182 187
187 182
182 361
361 182
182 230
230 182
182 230
230 182
109 114
114 109
109 110
110 109
109 122
122 109
109 110
110 109
109 114
114 109
109 122
122 109
177 342
342 177
177 342
342 177
9 201
201 9
9 80
80 9
9 202
202 9
9 203
203 9
9 204
204 9
9 205
205 9
9 27
27 9
9 206
206 9
9 207
207 9
9 208
208 9
9 209
209 9
9 186
186 9
9 204
204 9
9 206
206 9
9 207
207 9
9 27
27 9
9 209
209 9
9 208
208 9
9 80
80 9
9 201
201 9
9 205
205 9
9 203
203 9
9 202
202 9
9 186
186 9
167 264
264 167
167 244
244 167
167 313
313 167
167 223
223 167
167 264
264 167
167 244
244 167
167 313
313 167
167 223
223 167
44 162
162 44
44 58
58 44
44 241
241 44
44 162
162 44
44 58
58 44
44 142
142 44
44 200
200 44
44 83
83 44
44 241
241 44
44 83
83 44
44 200
200 44
44 142
142 44
54 186
186 54
54 186
186 54
468 498
498 468
468 476
476 468
468 475
475 468
468 485
485 468
468 475
475 468
468 476
476 468
468 485
485 468
468 498
498 468
118 391
391 118
118 391
391 118
454 464
464 454
454 464
464 454
158 162
162 158
158 284
284 158
158 221
221 158
158 241
241 158
158 221
221 158
158 162
162 158
158 284
284 158
158 440
440 158
158 241
241 158
158 440
440 158
341 342
342 341
341 342
342 341
477 487
487 477
477 487
487 477
222 343
343 222
222 343
343 222
152 246
246 152
152 246
246 152
217 379
379 217
217 379
379 217
217 367
367 217
217 367
367 217
257 258
258 257
257 261
261 257
257 258
258 257
257 261
261 257
265 344
344 265
265 344
344 265
202 214
214 202
202 247
247 202
202 206
206 202
202 247
247 202
202 214
214 202
202 385
385 202
202 206
206 202
202 385
385 202
446 447
447 446
446 447
447 446
204 277
277 204
204 217
217 204
204 209
209 204
204 209
209 204
204 217
217 204
204 277
277 204
298 374
374 298
298 305
305 298
298 374
374 298
298 305
305 298
112 122
122 112
112 122
122 112
6 176
176 6
6 177
177 6
6 178
178 6
6 179
179 6
6 180
180 6
6 181
181 6
6 182
182 6
6 183
183 6
6 176
176 6
6 184
184 6
6 185
185 6
6 186
186 6
6 187
187 6
6 178
178 6
6 185
185 6
6 187
187 6
6 177
177 6
6 183
183 6
6 179
179 6
6 182
182 6
6 180
180 6
6 181
181 6
6 184
184 6
6 186
186 6
206 248
248 206
206 248
248 206
371 376
376 371
371 376
376 371
249 377
377 249
249 377
377 249
79 269
269 79
79 338
338 79
79 274
274 79
79 338
338 79
79 367
367 79
79 269
269 79
79 274
274 79
79 367
367 79
19 268
268 19
19 269
269 19
19 270
270 19
19 270
270 19
19 271
271 19
19 206
206 19
19 80
80 19
19 209
209 19
19 228
228 19
19 272
272 19
19 273
273 19
19 274
274 19
19 88
88 19
19 275
275 19
19 268
268 19
19 269
269 19
19 276
276 19
19 277
277 19
19 276
276 19
19 206
206 19
19 272
272 19
19 209
209 19
19 273
273 19
19 80
80 19
19 277
277 19
19 228
228 19
19 274
274 19
19 275
275 19
19 88
88 19
19 271
271 19
184 185
185 184
184 218
218 184
184 218
218 184
184 185
185 184
184 186
186 184
184 186
186 184
32 369
369 32
32 370
370 32
32 370
370 32
32 371
371 32
32 93
93 32
32 372
372 32
32 369
369 32
32 200
200 32
32 373
373 32
32 171
171 32
32 374
374 32
32 375
375 32
32 376
376 32
32 371
371 32
32 374
374 32
32 93
93 32
32 200
200 32
32 375
375 32
32 376
376 32
32 373
373 32
32 171
171 32
32 372
372 32
64 367
367 64
64 250
250 64
64 250
250 64
64 367
367 64
12 221
221 12
12 162
162 12
12 196
196 12
12 149
149 12
12 222
222 12
12 223
223 12
12 194
194 12
12 28
28 12
12 162
162 12
12 28
28 12
12 194
194 12
12 221
221 12
12 149
149 12
12 222
222 12
12 223
223 12
12 196
196 12
42 144
144 42
42 244
244 42
42 283
283 42
42 150
150 42
42 93
93 42
42 200
200 42
42 196
196 42
42 93
93 42
42 196
196 42
42 144
144 42
42 150
150 42
42 283
283 42
42 200
200 42
42 244
244 42
165 311
311 165
165 236
236 165
165 317
317 165
165 211
211 165
165 236
236 165
165 311
311 165
165 241
241 165
165 315
315 165
165 313
313 165
165 174
174 165
165 173
173 165
165 310
310 165
165 310
310 165
165 173
173 165
165 241
241 165
165 313
313 165
165 317
317 165
165 174
174 165
165 315
315 165
165 211
211 165
255 388
388 255
255 388
388 255
255 403
403 255
255 403
403 255
269 274
274 269
269 276
276 269
269 276
276 269
269 274
274 269
57 269
269 57
57 201
201 57
57 269
269 57
57 228
228 57
57 201
201 57
57 228
228 57
75 228
228 75
75 77
77 75
75 248
248 75
75 186
186 75
75 88
88 75
75 248
248 75
75 228
228 75
75 186
186 75
75 88
88 75
75 77
77 75
310 333
333 310
310 346
346 310
310 333
333 310
310 346
346 310
178 179
179 178
178 183
183 178
178 183
183 178
178 179
179 178
209 214
214 209
209 276
276 209
209 271
271 209
209 214
214 209
209 276
276 209
209 218
218 209
209 218
218 209
209 271
271 209
156 162
162 156
156 264
264 156
156 221
221 156
156 172
172 156
156 313
313 156
156 222
222 156
156 221
221 156
156 162
162 156
156 163
163 156
156 313
313 156
156 222
222 156
156 264
264 156
156 172
172 156
156 163
163 156
16 252
252 16
16 34
34 16
16 253
253 16
16 254
254 16
16 255
255 16
16 256
256 16
16 257
257 16
16 258
258 16
16 259
259 16
16 260
260 16
16 261
261 16
16 258
258 16
16 262
262 16
16 255
255 16
16 253
253 16
16 259
259 16
16 34
34 16
16 256
256 16
16 261
261 16
16 254
254 16
16 257
257 16
16 252
252 16
16 263
263 16
16 260
260 16
16 263
263 16
16 262
262 16
7 188
188 7
7 162
162 7
7 189
189 7
7 10
10 7
7 190
190 7
7 191
191 7
7 192
192 7
7 193
193 7
7 188
188 7
7 194
194 7
7 195
195 7
7 10
10 7
7 162
162 7
7 192
192 7
7 189
189 7
7 194
194 7
7 191
191 7
7 195
195 7
7 193
193 7
7 190
190 7
318 323
323 318
318 323
323 318
441 446
446 441
441 446
446 441
52 269
269 52
52 213
213 52
52 338
338 52
52 272
272 52
52 272
272 52
52 338
338 52
52 213
213 52
52 228
228 52
52 274
274 52
52 184
184 52
52 269
269 52
52 228
228 52
52 274
274 52
52 184
184 52
53 75
75 53
53 247
247 53
53 276
276 53
53 204
204 53
53 272
272 53
53 207
207 53
53 249
249 53
53 209
209 53
53 80
80 53
53 247
247 53
53 272
272 53
53 204
204 53
53 207
207 53
53 88
88 53
53 75
75 53
53 276
276 53
53 209
209 53
53 80
80 53
53 249
249 53
53 88
88 53
50 166
166 50
50 148
148 50
50 442
442 50
50 440
440 50
50 442
442 50
50 166
166 50
50 148
148 50
50 440
440 50
10 210
210 10
10 135
135 10
10 58
58 10
10 211
211 10
10 162
162 10
10 151
151 10
10 171
171 10
10 210
210 10
10 24
24 10
10 162
162 10
10 58
58 10
10 135
135 10
10 24
24 10
10 211
211 10
10 171
171 10
10 151
151 10
15 247
247 15
15 204
204 15
15 207
207 15
15 209
209 15
15 248
248 15
15 228
228 15
15 249
249 15
15 250
250 15
15 249
249 15
15 228
228 15
15 251
251 15
15 250
250 15
15 247
247 15
15 204
204 15
15 207
207 15
15 209
209 15
15 248
248 15
15 251
251 15
187 466
466 187
187 339
339 187
187 466
466 187
187 339
339 187
356 357
357 356
356 357
357 356
248 269
269 248
248 384
384 248
248 271
271 248
248 367
367 248
248 269
269 248
248 384
384 248
248 271
271 248
248 367
367 248
31 214
214 31
31 362
362 31
31 204
204 31
31 363
363 31
31 54
54 31
31 364
364 31
31 365
365 31
31 248
248 31
31 366
366 31
31 367
367 31
31 362
362 31
31 366
366 31
31 204
204 31
31 364
364 31
31 368
368 31
31 54
54 31
31 363
363 31
31 365
365 31
31 214
214 31
31 248
248 31
31 368
368 31
31 367
367 31
337 383
383 337
337 383
383 337
60 160
160 60
60 221
221 60
60 284
284 60
60 301
301 60
60 163
163 60
60 266
266 60
60 313
313 60
60 160
160 60
60 280
280 60
60 264
264 60
60 171
171 60
60 134
134 60
60 264
264 60
60 284
284 60
60 221
221 60
60 313
313 60
60 280
280 60
60 134
134 60
60 301
301 60
60 266
266 60
60 171
171 60
60 163
163 60
464 476
476 464
464 474
474 464
464 482
482 464
464 494
494 464
464 474
474 464
464 476
476 464
464 482
482 464
464 494
494 464
5 124
124 5
5 125
125 5
5 126
126 5
5 7
7 5
5 68
68 5
5 17
17 5
5 127
127 5
5 128
128 5
5 129
129 5
5 28
28 5
5 130
130 5
5 131
131 5
5 132
132 5
5 133
133 5
5 134
134 5
5 135
135 5
5 136
136 5
5 137
137 5
5 138
138 5
5 125
125 5
5 139
139 5
5 22
22 5
5 93
93 5
5 124
124 5
5 140
140 5
5 141
141 5
5 142
142 5
5 143
143 5
5 144
144 5
5 145
145 5
5 78
78 5
5 146
146 5
5 147
147 5
5 148
148 5
5 149
149 5
5 12
12 5
5 150
150 5
5 151
151 5
5 152
152 5
5 153
153 5
5 154
154 5
5 155
155 5
5 156
156 5
5 157
157 5
5 158
158 5
5 159
159 5
5 160
160 5
5 161
161 5
5 162
162 5
5 163
163 5
5 164
164 5
5 165
165 5
5 166
166 5
5 66
66 5
5 167
167 5
5 168
168 5
5 169
169 5
5 170
170 5
5 171
171 5
5 172
172 5
5 173
173 5
5 174
174 5
5 94
94 5
5 175
175 5
5 37
37 5
5 144
144 5
5 141
141 5
5 7
7 5
5 12
12 5
5 145
145 5
5 162
162 5
5 160
160 5
5 170
170 5
5 28
28 5
5 37
37 5
5 168
168 5
5 136
136 5
5 166
166 5
5 143
143 5
5 161
161 5
5 130
130 5
5 169
169 5
5 155
155 5
5 165
165 5
5 159
159 5
5 148
148 5
5 167
167 5
5 135
135 5
5 173
173 5
5 149
149 5
5 128
128 5
5 132
132 5
5 158
158 5
5 154
154 5
5 22
22 5
5 150
150 5
5 78
78 5
5 139
139 5
5 172
172 5
5 175
175 5
5 133
133 5
5 66
66 5
5 138
138 5
5 164
164 5
5 156
156 5
5 131
131 5
5 153
153 5
5 93
93 5
5 134
134 5
5 94
94 5
5 129
129 5
5 174
174 5
5 157
157 5
5 140
140 5
5 126
126 5
5 152
152 5
5 171
171 5
5 163
163 5
5 127
127 5
5 17
17 5
5 151
151 5
5 137
137 5
5 147
147 5
5 146
146 5
5 68
68 5
5 142
142 5
